[gd_scene load_steps=12 format=2]

[ext_resource path="res://scenes/planet_movement_demo/objects/planet.tscn" type="PackedScene" id=1]
[ext_resource path="res://scenes/planet_movement_demo/objects/planet_environment.tres" type="Environment" id=2]
[ext_resource path="res://scenes/planet_movement_demo/objects/player-cage.tscn" type="PackedScene" id=3]
[ext_resource path="res://scenes/planet_movement_demo/objects/instructions.tscn" type="PackedScene" id=4]
[ext_resource path="res://addons/godot-xr-tools/hands/materials/cleaning_glove.material" type="Material" id=5]
[ext_resource path="res://assets/meshes/teleport/teleport.tscn" type="PackedScene" id=6]
[ext_resource path="res://addons/godot-xr-tools/hands/scenes/lowpoly/left_tac_glove_low.tscn" type="PackedScene" id=7]
[ext_resource path="res://addons/godot-xr-tools/hands/scenes/lowpoly/right_tac_glove_low.tscn" type="PackedScene" id=8]
[ext_resource path="res://addons/godot-xr-tools/staging/scene_base.tscn" type="PackedScene" id=9]
[ext_resource path="res://assets/meshes/mound/mound.tscn" type="PackedScene" id=10]
[ext_resource path="res://scenes/main_menu/return to main menu.png" type="Texture" id=14]

[node name="PlanetMovementDemo" instance=ExtResource( 9 )]
environment = ExtResource( 2 )

[node name="planet" parent="." index="0" instance=ExtResource( 1 )]
transform = Transform( 1, 0, 0, 0, 1, 0, 0, 0, 1, 0, -9.22136, 0 )

[node name="Spatial_instructions" type="Spatial" parent="planet" index="5"]
transform = Transform( 1, 0, 0, 0, 0.779622, 0.62625, 0, -0.62625, 0.779622, 0, 0, 0 )

[node name="Instructions2" parent="planet/Spatial_instructions" index="0" instance=ExtResource( 4 )]
transform = Transform( 1, 0, 0, 0, 0.825222, -0.564809, 0, 0.564809, 0.825222, 0, 12.7298, -0.261891 )

[node name="Spatial Teleport" type="Spatial" parent="planet" index="6"]
transform = Transform( 1, 0, 0, 0, 0.720152, 0.693817, 0, -0.693817, 0.720152, 0, 0, 0 )

[node name="MainMenuTeleport" parent="planet/Spatial Teleport" index="0" instance=ExtResource( 6 )]
transform = Transform( 1, 0, 0, 0, -4.37114e-08, -1, 0, 1, -4.37114e-08, 0, -0.00582886, 7.92612 )
scene_base = NodePath("../../..")
title = ExtResource( 14 )

[node name="Spatial_mounds" type="Spatial" parent="planet" index="7"]

[node name="Spatial3" type="Spatial" parent="planet/Spatial_mounds" index="0"]
transform = Transform( 1, 0, 0, 0, -0.601829, 0.798625, 0, -0.798625, -0.601829, 0, 0, 0 )

[node name="Mound3" parent="planet/Spatial_mounds/Spatial3" index="0" instance=ExtResource( 10 )]
transform = Transform( 1, 0, 0, 0, 2, 0, 0, 0, 0.3, -0.0269237, 7.34956, 0.00136375 )

[node name="Spatial4" type="Spatial" parent="planet/Spatial_mounds" index="1"]
transform = Transform( 1, 0, 0, 0, -0.980467, 0.196682, 0, -0.196682, -0.980467, 0, -9.53674e-07, 0 )

[node name="Mound3" parent="planet/Spatial_mounds/Spatial4" index="0" instance=ExtResource( 10 )]
transform = Transform( 1, 0, 0, 0, 1.5, 0, 0, 0, 0.3, -0.0269237, 7.34956, 0.00136375 )

[node name="Spatial5" type="Spatial" parent="planet/Spatial_mounds" index="2"]
transform = Transform( 0.733338, 0.634818, 0.243353, 0, -0.357944, 0.933743, 0.679864, -0.68475, -0.262494, 0, 0, 0 )

[node name="Mound3" parent="planet/Spatial_mounds/Spatial5" index="0" instance=ExtResource( 10 )]
transform = Transform( 1, 0, 0, 0, 1, 0, 0, 0, 0.3, -0.0269237, 7.34956, 0.00136375 )

[node name="Spatial6" type="Spatial" parent="planet/Spatial_mounds" index="3"]
transform = Transform( 0.630459, -0.724792, -0.277844, 0, -0.357944, 0.933743, -0.776223, -0.588687, -0.225669, 0, 0, 0 )

[node name="Mound3" parent="planet/Spatial_mounds/Spatial6" index="0" instance=ExtResource( 10 )]
transform = Transform( 1, 0, 0, 0, 1, 0, 0, 0, 0.3, -0.0269237, 7.34956, 0.00136375 )

[node name="OmniLight" type="OmniLight" parent="." index="1"]
transform = Transform( 1, 0, 0, 0, 1, 0, 0, 0, 1, 5.73951, 6.51927, -2.23058 )
omni_range = 49.342

[node name="ARVROrigin" parent="." index="2"]
transform = Transform( 1, 0, 0, 0, 1, 0, 0, 0, 1, 0, 3.77019, 0 )

[node name="LeftHand" parent="ARVROrigin/LeftHand" index="0" instance=ExtResource( 7 )]
hand_material_override = ExtResource( 5 )

[node name="RightHand" parent="ARVROrigin/RightHand" index="0" instance=ExtResource( 8 )]
hand_material_override = ExtResource( 5 )

[node name="Player-cage" parent="." index="3" instance=ExtResource( 3 )]
transform = Transform( 1, 0, 0, 0, 1, 0, 0, 0, 1, 9.20296e-05, 3.48105, -3.24249e-05 )
gravity_multiplier = 1.0
jump_acceleration = 5950
